+965 502 04012
+965 9800 1115
+965 2294 3304
+965 2228 0100
+965 2257 2881
No telephone
+965 9227 5152
+965 6333 7333
+965 2225 6555
+965 2202 4777
+965 2256 2226
+965 507 36364
+965 1883 322
+965 2561 6558
+965 6966 1022
+965 2226 9360
+965 2220 0073
+965 2262 0522
+965 1818 186
+965 9948 1111
+965 6902 9993
+965 2571 0333
+965 6617 2992
+965 6678 6366
+965 6668 1148
+965 2371 5512
+965 557 18686
No telephone
No telephone
+965 2371 2006
+965 2245 1244
+965 1883 322
+965 552 44996
+965 6649 7066
No telephone
+965 1850 505
No telephone
+965 9776 6707
No telephone
No telephone
+965 2256 1444
No telephone
+965 2221 0222
No telephone
+965 2228 0899
No telephone
+965 2224 5730
No telephone
No telephone
No telephone
+965 2261 8255
+965 1883 322
+965 2563 3133
+965 2226 8255
+965 2266 6446
+965 502 02020
+965 552 07655
+965 2373 3606
+965 1850 505
No telephone
