+965 2392 8005
+965 2257 2060
+965 558 54555
+965 2291 5800
+965 2245 1322
+965 2221 8070
+965 2221 7190
No telephone
+965 2371 6030
No telephone
+965 2245 5617
+965 9974 4497
+965 2229 8000
+965 9000 3004
+965 2392 1956
+965 505 80803
No telephone
+965 9996 8367
+965 2225 1980
+965 555 51110
+965 9666 4428
+965 2532 2131
+965 6623 0288
+965 9964 9979
+965 2261 4533
+965 9908 8227
+965 2266 6366
+965 500 03005
+965 9090 9162
+965 2265 1214
+965 2265 5050
+965 556 64463
No telephone
+965 9979 7577
+965 9974 2714
+965 6633 9550
+965 556 66179
No telephone
+965 2222 6488
+965 555 21800
+965 2264 0280
+965 2266 6366
+965 9002 2438
+965 2549 8636
+965 2532 2578
+965 2257 2060
+965 2228 2212
+965 9939 9972
+965 2245 1322
+965 2227 4544
No telephone
+965 511 19168
+965 2205 3333
+965 2251 7778
+965 9973 8000
+965 2291 5800
No telephone
+965 2291 6362
+965 9220 0024
+965 2266 7676
+965 2564 8080
+965 2221 8070
+965 2221 7190
+965 2243 0900
+965 9692 3339
No telephone
+965 2222 6444
No telephone
No telephone
+965 9974 4497
No telephone
+965 2263 6420
+965 9441 1223
No telephone
+965 2266 3969
+965 556 66179
+965 2228 8324
+965 2228 2212
+965 2205 3333
+965 9666 4428
+965 2572 3904
+965 2549 8636
+965 500 03005
+965 9901 6609
No telephone
+965 9220 0024
+965 6565 6513
+965 2532 2131
+965 2225 5405
No telephone
+965 2564 8080
+965 2575 6666
+965 6623 0288
No telephone
+965 6900 0092
+965 507 44111
+965 9446 6699
+965 9979 7577
+965 2574 3434
+965 9666 0694
+965 588 88960
+965 2264 0280
+965 2261 4533
+965 9964 9979
+965 2257 2060
+965 2291 6362
+965 2266 6366
+965 2266 8889
+965 2291 5800
+965 9908 8227
+965 2245 1322
No telephone
No telephone
No telephone
+965 2221 8070
+965 2265 1214
+965 2265 5050
+965 511 19168
+965 9977 7775
+965 2266 7676
+965 2266 6366
+965 9974 2714
+965 6633 9550
+965 9939 9972
+965 9002 2438
+965 555 21800
+965 9973 8000
No telephone
No telephone
No telephone
No telephone
+965 6666 6097
+965 9766 5410
+965 2573 3600
+965 2575 7577
+965 9890 7075
+965 9550 5209
